6.403252247502314 11.596747752497688 29.195134850138807 112.2910629300648 -2 11.596747752497688 13.596747752497688 1.6180339887498947
3.193495504995374 6.403252247502314 4.8114225304349105 29.195134850138807 -2 6.403252247502314 8.403252247502314 1.618033988749895
1.20975674250694 3.193495504995374 0.043997891027122725 4.8114225304349105 -2 3.193495504995374 5.193495504995374 1.6180339887498947
-0.01626123751156605 1.20975674250694 1.0327869028685397 0.043997891027122725 -0.01626123751156605 3.193495504995374 3.20975674250694 1.6180339887498951
1.20975674250694 1.967477524976868 0.043997891027122725 0.936012761335366 -0.01626123751156605 1.967477524976868 1.983738762488434 1.6180339887498942
0.7414595449583619 1.20975674250694 0.06684316689313731 0.043997891027122725 0.7414595449583619 1.967477524976868 1.226017980018506 1.6180339887498962
1.20975674250694 1.4991803274282898 0.043997891027122725 0.24918099929141457 0.7414595449583619 1.4991803274282898 0.7577207824699279 1.6180339887498911
1.0308831298797116 1.20975674250694 0.0009537677111671383 0.043997891027122725 0.7414595449583619 1.20975674250694 0.4682971975485781 1.6180339887499047
0.9203331575855902 1.0308831298797116 0.006346805780282404 0.0009537677111671383 0.9203331575855902 1.20975674250694 0.2894235849213498 1.6180339887498694
1.0308831298797116 1.0992067702128185 0.0009537677111671383 0.00984198325605898 0.9203331575855902 1.0992067702128185 0.17887361262722834 1.6180339887499617
0.9886567979186971 1.0308831298797116 0.00012866823345727456 0.0009537677111671383 0.9203331575855902 1.0308831298797116 0.11054997229412145 1.61803398874972
0.9625594895466048 0.9886567979186971 0.001401791823010799 0.00012866823345727456 0.9625594895466048 1.0308831298797116 0.0683236403331069 1.618033988750353
0.9886567979186971 1.0047858215076193 0.00012866823345727456 2.29040875027915E-05 0.9886567979186971 1.0308831298797116 0.04222633196101455 1.6180339887486954
1.0047858215076193 1.0147541062907894 2.29040875027915E-05 0.00021768365243991244 0.9886567979186971 1.0147541062907894 0.026097308372092343 1.618033988753035
0.9986250827018672 1.0047858215076193 1.890397576704721E-06 2.29040875027915E-05 0.9886567979186971 1.0047858215076193 0.01612902358892221 1.6180339887416735
0.9948175367244492 0.9986250827018672 2.685792560243304E-05 1.890397576704721E-06 0.9948175367244492 1.0047858215076193 0.009968284783170134 1.6180339887714188
0.9986250827018672 1.0009782755302012 1.890397576704721E-06 9.570230129905264E-07 0.9986250827018672 1.0047858215076193 0.006160738805752075 1.6180339886935444
1.0009782755302012 1.0024326286792853 9.570230129905264E-07 5.91768229128128E-06 0.9986250827018672 1.0024326286792853 0.0038075459774180587 1.618033988897422
1.0000794358509513 1.0009782755302012 6.31005441635246E-09 9.570230129905264E-07 0.9986250827018672 1.0009782755302012 0.0023531928283340164 1.6180339883636636
0.9995239223811172 1.0000794358509513 2.2664989920111422E-07 6.31005441635246E-09 0.9995239223811172 1.0009782755302012 0.0014543531490840422 1.6180339897610614
1.0000794358509513 1.0004227620603672 6.31005441635246E-09 1.7872775968590034E-07 0.9995239223811172 1.0004227620603672 0.0008988396792499742 1.6180339861026267
0.9998672485905331 1.0000794358509513 1.7622936715446248E-08 6.31005441635246E-09 0.9998672485905331 1.0004227620603672 0.000555513469834068 1.6180339956805327
1.0000794358509513 1.000210574799949 6.31005441635246E-09 4.434174637356762E-08 0.9998672485905331 1.000210574799949 0.0003433262094159062 1.6180339706052493
0.9999983875395309 1.0000794358509513 2.600028764561703E-12 6.31005441635246E-09 0.9998672485905331 1.0000794358509513 0.00021218726041816183 1.618034036253195
0.9999482969019535 0.9999983875395309 2.6732103476032916E-09 2.600028764561703E-12 0.9999482969019535 1.0000794358509513 0.00013113894899774436 1.61803386438465
0.9999983875395309 1.000029345213374 2.600028764561703E-12 8.611415479622771E-10 0.9999482969019535 1.000029345213374 8.104831142041746E-05 1.6180343143423985
0.9999792545757966 0.9999983875395309 4.303726253783226E-10 2.600028764561703E-12 0.9999792545757966 1.000029345213374 5.00906375773269E-05 1.6180331363381026
0.9999983875395309 1.0000102122496397 2.600028764561703E-12 1.0429004270370061E-10 0.9999792545757966 1.0000102122496397 3.095767384309056E-05 1.6180362203960175
0.9999910792859055 0.9999983875395309 7.95791399563302E-11 2.600028764561703E-12 0.9999910792859055 1.0000102122496397 1.913296373423634E-05 1.6180281462455917
0.9999983875395309 1.0000029039960143 2.600028764561703E-12 8.433192851216162E-12 0.9999910792859055 1.0000029039960143 1.182471010885422E-05 1.6180492847693388
0.9999955957423889 0.9999983875395309 1.939748510455356E-11 2.600028764561703E-12 0.9999955957423889 1.0000029039960143 7.308253625382122E-06 1.6179939442421785
0.9999983875395309 1.0000001121988724 2.600028764561703E-12 1.2588586971218185E-14 0.9999983875395309 1.0000029039960143 4.516456483472098E-06 1.6181388334253994
1.0000001121988724 1.0000011793366728 1.2588586971218185E-14 1.3908349877238041E-12 0.9999983875395309 1.0000011793366728 2.791797141910024E-06 1.6177595483825655
0.9999994546773312 1.0000001121988724 2.973768131060976E-13 1.2588586971218185E-14 0.9999994546773312 1.0000011793366728 1.7246593415620737E-06 1.6187528021513007
1.0000001121988724 1.0000005218151315 1.2588586971218185E-14 2.722910315134161E-13 0.9999994546773312 1.0000005218151315 1.0671378003479504E-06 1.6161542970361769
0.9999998642935903 1.0000001121988724 1.8416229624220137E-14 1.2588586971218185E-14 0.9999998642935903 1.0000005218151315 6.575215412141233E-07 1.622970098253305
1.0000001121988724 1.0000002739098495 1.2588586971218185E-14 7.502660563592381E-14 0.9999998642935903 1.0000002739098495 4.0961625913382704E-07 1.6052134810383647
1.0000000260045674 1.0000001121988724 6.762375250540352E-16 1.2588586971218185E-14 0.9999998642935903 1.0000001121988724 2.479052820802963E-07 1.6523095260275766
0.9999999504878954 1.0000000260045674 2.4514485057276693E-15 6.762375250540352E-16 0.9999999504878954 1.0000001121988724 1.6171097705353077E-07 1.5330145584256338

Точка минимума: 1.0000000313433839
Значение функции: 9.824077135710382E-16
Количество итераций: 39
Количество вычислений целевой функции: 40