6.403252242000001 11.5960747758 29.195134790678033 112.27680065434502 -2 11.5960747758 13.5960747758 1.6181140779806802
3.193238447370045 6.403252242000001 4.810294887022166 29.195134790678033 -2 6.403252242000001 8.403252242 1.6179539045425693
1.2097567383035468 3.193238447370045 0.043997889263742616 4.810294887022166 -2 3.193238447370045 5.193238447370045 1.6181140779806804
-0.016359426086230533 1.2097567383035468 1.0329864829943318 0.043997889263742616 -0.016359426086230533 3.193238447370045 3.209597873456276 1.618033988095111
1.2097567383035468 1.96718296881196 0.043997889263742616 0.9354428951599167 -0.016359426086230533 1.96718296881196 1.9835423948981905 1.6181140779806802
0.7412863501424181 1.2097567383035468 0.06693275262263151 0.043997889263742616 0.7412863501424181 1.96718296881196 1.225896618669542 1.6180339880951111
1.2097567383035468 1.4988946271802122 0.043997889263742616 0.24889584902928288 0.7412863501424181 1.4988946271802122 0.7576082770377941 1.6181140779806802
1.0306669616231272 1.2097567383035468 0.000940462535194357 0.043997889263742616 0.7412863501424181 1.2097567383035468 0.46847038816112874 1.617195656723595
0.920226115579946 1.0306669616231272 0.006363872635464127 0.000940462535194357 0.920226115579946 1.2097567383035468 0.28953062272360075 1.6180339880951111
1.0306669616231272 1.099157024508765 0.000940462535194357 0.009832115509431815 0.920226115579946 1.099157024508765 0.1789309089288189 1.6181140779806795
0.9885716411080913 1.0306669616231272 0.00013060738696226958 0.000940462535194357 0.920226115579946 1.0306669616231272 0.11044084604318116 1.620151559314014
0.962410764994525 0.9885716411080913 0.0014129505882968236 0.00013060738696226958 0.962410764994525 1.0306669616231272 0.06825619662860216 1.61803398809511
0.9885716411080913 1.004593326506988 0.00013060738696226958 2.1098648399798216E-05 0.9885716411080913 1.0306669616231272 0.04209532051503595 1.6214675596595554
1.004593326506988 1.0145866922641684 2.1098648399798216E-05 0.00021277159120955088 0.9885716411080913 1.0145866922641684 0.026015051156077162 1.6181140779806773
0.998508506424139 1.004593326506988 2.224553086834574E-06 2.1098648399798216E-05 0.9885716411080913 1.004593326506988 0.0160216853988967 1.6237399816793703
0.9946913803694047 0.998508506424139 2.8181442382341324E-05 2.224553086834574E-06 0.9946913803694047 1.004593326506988 0.009901946137583217 1.6180339880951056
0.998508506424139 1.000810816738156 2.224553086834574E-06 6.574237828738913E-07 0.998508506424139 1.004593326506988 0.006084820082848941 1.627319461013066
1.000810816738156 1.0022689459170346 6.574237828738913E-07 5.1481155744281504E-06 0.998508506424139 1.0022689459170346 0.0037604394928956175 1.6181140779806833
0.9999448664968472 1.000810816738156 3.0397031698978453E-09 6.574237828738913E-07 0.998508506424139 1.000810816738156 0.002302310314016953 1.6333330350827449
0.9993879107108682 0.9999448664968472 3.746532978698869E-07 3.0397031698978453E-09 0.9993879107108682 1.000810816738156 0.0014229060272877847 1.6180339880950605
0.9999448664968472 1.0002672714720473 3.0397031698978453E-09 7.143403977033254E-08 0.9993879107108682 1.0002672714720473 0.0008793607611791154 1.6181140779807384
0.9997237966330457 0.9999448664968472 7.628829991690865E-08 3.0397031698978453E-09 0.9997237966330457 1.0002672714720473 0.0005434748390016342 1.6180339880950243
0.9999448664968472 1.0000596659307652 3.0397031698978453E-09 3.5600232940811233E-09 0.9997237966330457 1.0000596659307652 0.00033586929771955987 1.6181140779810672
0.999852087288913 0.9999448664968472 2.1878170101121242E-08 3.0397031698978453E-09 0.999852087288913 1.0000596659307652 0.0002075786418522796 1.6180339880948662
0.9999448664968472 0.9999803715951167 3.0397031698978453E-09 3.852742782644367E-10 0.9999448664968472 1.0000596659307652 0.0001147994339180114 1.8081852389666848
0.9999803715951167 1.0000158129372003 3.852742782644367E-10 2.500489829013048E-10 0.9999803715951167 1.0000596659307652 7.929433564857202E-05 1.4477633613931258
1.0000158129372003 1.000029375764061 2.500489829013048E-10 8.629355141695846E-10 0.9999803715951167 1.000029375764061 4.9004168944377646E-05 1.6181140779792702
0.9999990895220507 1.0000158129372003 8.289700960820683E-13 2.500489829013048E-10 0.9999803715951167 1.0000158129372003 3.544134208366412E-05 1.3826837829305851
0.9999939089831769 0.9999990895220507 3.7100485939772536E-11 8.289700960820683E-13 0.9999939089831769 1.0000158129372003 2.1903954023461125E-05 1.6180339880965429
0.9999990895220507 1.0000074457012127 8.289700960820683E-13 5.5438466548710425E-11 0.9999939089831769 1.0000074457012127 1.3536718035833673E-05 1.6181140779824295
0.9999990795493671 0.9999990895220507 8.472293676708495E-13 8.289700960820683E-13 0.9999990795493671 1.0000074457012127 8.366151845629055E-06 1.6180339881000378
0.9999990895220507 1.0000042498596433 8.289700960820683E-13 1.806130698785798E-11 0.9999990795493671 1.0000042498596433 5.170310276247925E-06 1.618114078000816
1.000001054432159 0.9999990895220507 1.111827177764889E-12 8.289700960820683E-13 1.000001054432159 1.0000042498596433 3.19542748439261E-06 1.6180339880974337
0.9999990895220507 1.0000030292172053 8.289700960820683E-13 9.176156876867549E-12 1.000001054432159 1.0000030292172053 1.9747850463769367E-06 1.6181140779119934
1.0000018087329257 0.9999990895220507 3.2715147963544357E-12 8.289700960820683E-13 1.0000018087329257 1.0000030292172053 1.220484279640388E-06 1.6180339880811911
0.9999990895220507 1.0000025629963587 8.289700960820683E-13 6.5689503347171326E-12 1.0000018087329257 1.0000025629963587 7.54263433044855E-07 1.6181140781457022
1.0000020968359205 0.9999990895220507 4.396720877293411E-12 8.289700960820683E-13 1.0000020968359205 1.0000025629963587 4.661604382505402E-07 1.6180339882027321
0.9999990895220507 1.0000023849246558 8.289700960820683E-13 5.687865613665252E-12 1.0000020968359205 1.0000023849246558 2.880887353118311E-07 1.618114077754418
1.0000022068760255 0.9999990895220507 4.8703017918338846E-12 8.289700960820683E-13 1.0000022068760255 1.0000023849246558 1.7804863028381135E-07 1.6180339879762888
0.9999990895220507 1.0000023169106842 8.289700960820683E-13 5.368075118545871E-12 1.0000022068760255 1.0000023169106842 1.1003465871795015E-07 1.6181140774944391
1.0000022489055251 0.9999990895220507 5.057576060993281E-12 8.289700960820683E-13 1.0000022489055251 1.0000023169106842 6.800515905958093E-08 1.6180339880029717

Точка минимума: 1.0000022489055251
Значение функции: 5.057576060993281E-12
Количество итераций: 41
Количество вычислений целевой функции: 42