-1.99999999 8.99999994
-1.99999997 8.999999820000003
-1.99999993 8.999999580000004
-1.99999985 8.999999100000023
-1.99999969 8.999998140000097
-1.99999937 8.999996220000398
-1.99999873 8.999992380001611
-1.99999745 8.999984700006502
-1.99999489 8.999969340026112
-1.99998977 8.999938620104652
-1.99997953 8.999877180419022
-1.99995905 8.999754301676903
-1.99991809 8.999508546709247
-1.99983617 8.999017046840269
-1.99967233 8.99803408736763
-1.99934465 8.996068329483624
-1.99868929 8.992137457960702
-1.99737857 8.984278291895246
-1.99475713 8.968570267685838
-1.98951425 8.937195450953062
-1.9790284900000001 8.874610744231681
-1.9580569700000001 8.750101037765583
-1.91611393 8.503720452740044
-1.83222785 8.02151459431562
-1.66445569 7.099324123973377
-1.3289113700000001 5.423828169315278
-0.6578227300000001 2.7483762041046536
0.6843545499999999 0.09963205010570257
3.36870911 5.610782847796993
Интервал содержащий минимум -0.6578227300000001 3.36870911